(kicad_pcb (version 20171130) (host pcbnew "(5.1.4)-1")

  (general
    (thickness 1.6)
    (drawings 22)
    (tracks 210)
    (zones 0)
    (modules 12)
    (nets 8)
  )

  (page A4)
  (title_block
    (title H7PI_Exp_FuncorePlatform)
    (date 2020-01-09)
    (rev 0.1)
    (company PinoD&M)
    (comment 1 fuhua-chen)
    (comment 2 fuhua-chen)
  )

  (layers
    (0 F.Cu signal)
    (31 B.Cu signal)
    (32 B.Adhes user)
    (33 F.Adhes user)
    (34 B.Paste user)
    (35 F.Paste user)
    (36 B.SilkS user)
    (37 F.SilkS user)
    (38 B.Mask user)
    (39 F.Mask user)
    (40 Dwgs.User user)
    (41 Cmts.User user)
    (42 Eco1.User user)
    (43 Eco2.User user)
    (44 Edge.Cuts user)
    (45 Margin user)
    (46 B.CrtYd user)
    (47 F.CrtYd user)
    (48 B.Fab user)
    (49 F.Fab user)
  )

  (setup
    (last_trace_width 0.254)
    (user_trace_width 0.254)
    (user_trace_width 1)
    (user_trace_width 1.5)
    (trace_clearance 0.152)
    (zone_clearance 0.152)
    (zone_45_only no)
    (trace_min 0.152)
    (via_size 0.5)
    (via_drill 0.3)
    (via_min_size 0.5)
    (via_min_drill 0.3)
    (user_via 0.5 0.3)
    (uvia_size 0.4)
    (uvia_drill 0.2)
    (uvias_allowed no)
    (uvia_min_size 0.4)
    (uvia_min_drill 0.2)
    (edge_width 0.05)
    (segment_width 0.2)
    (pcb_text_width 0.3)
    (pcb_text_size 1.5 1.5)
    (mod_edge_width 0.12)
    (mod_text_size 1 1)
    (mod_text_width 0.15)
    (pad_size 1.524 1.524)
    (pad_drill 0.762)
    (pad_to_mask_clearance 0)
    (aux_axis_origin 0 0)
    (grid_origin 127 69.5)
    (visible_elements FFFFFF7F)
    (pcbplotparams
      (layerselection 0x010fc_ffffffff)
      (usegerberextensions true)
      (usegerberattributes false)
      (usegerberadvancedattributes false)
      (creategerberjobfile true)
      (excludeedgelayer true)
      (linewidth 0.020000)
      (plotframeref false)
      (viasonmask false)
      (mode 1)
      (useauxorigin false)
      (hpglpennumber 1)
      (hpglpenspeed 20)
      (hpglpendiameter 15.000000)
      (psnegative false)
      (psa4output false)
      (plotreference false)
      (plotvalue false)
      (plotinvisibletext false)
      (padsonsilk true)
      (subtractmaskfromsilk false)
      (outputformat 1)
      (mirror false)
      (drillshape 0)
      (scaleselection 1)
      (outputdirectory "H7PI_Exp_FuncorePlatform v0.1-gerber"))
  )

  (net 0 "")
  (net 1 /VBUS)
  (net 2 /SIG)
  (net 3 /SWDCLK)
  (net 4 /BOOT)
  (net 5 /SWDIO)
  (net 6 /3V3)
  (net 7 GND)

  (net_class Default 这是默认网络类。
    (clearance 0.152)
    (trace_width 0.152)
    (via_dia 0.5)
    (via_drill 0.3)
    (uvia_dia 0.4)
    (uvia_drill 0.2)
    (diff_pair_width 0.152)
    (diff_pair_gap 0.152)
    (add_net /3V3)
    (add_net /BOOT)
    (add_net /SIG)
    (add_net /SWDCLK)
    (add_net /SWDIO)
    (add_net /VBUS)
    (add_net GND)
  )

  (module Connector_PinHeader_2.54mm:PinHeader_2x03_P2.54mm_Horizontal (layer F.Cu) (tedit 59FED5CB) (tstamp 5E17C757)
    (at 139.46 76.5 90)
    (descr "Through hole angled pin header, 2x03, 2.54mm pitch, 6mm pin length, double rows")
    (tags "Through hole angled pin header THT 2x03 2.54mm double row")
    (path /5E4F1DAE)
    (fp_text reference J15 (at 5.67 2.54 180) (layer F.SilkS)
      (effects (font (size 0.2 0.2) (thickness 0.05)))
    )
    (fp_text value Header_2x3 (at 5.79 4.95 180) (layer F.Fab)
      (effects (font (size 0.2 0.2) (thickness 0.05)))
    )
    (fp_text user %R (at 5.31 2.54) (layer F.Fab)
      (effects (font (size 0.2 0.2) (thickness 0.05)))
    )
    (fp_line (start 13.1 -1.8) (end -1.8 -1.8) (layer F.CrtYd) (width 0.05))
    (fp_line (start 13.1 6.85) (end 13.1 -1.8) (layer F.CrtYd) (width 0.05))
    (fp_line (start -1.8 6.85) (end 13.1 6.85) (layer F.CrtYd) (width 0.05))
    (fp_line (start -1.8 -1.8) (end -1.8 6.85) (layer F.CrtYd) (width 0.05))
    (fp_line (start -1.27 -1.27) (end 0 -1.27) (layer F.SilkS) (width 0.12))
    (fp_line (start -1.27 0) (end -1.27 -1.27) (layer F.SilkS) (width 0.12))
    (fp_line (start 1.042929 5.46) (end 1.497071 5.46) (layer F.SilkS) (width 0.12))
    (fp_line (start 1.042929 4.7) (end 1.497071 4.7) (layer F.SilkS) (width 0.12))
    (fp_line (start 3.582929 5.46) (end 3.98 5.46) (layer F.SilkS) (width 0.12))
    (fp_line (start 3.582929 4.7) (end 3.98 4.7) (layer F.SilkS) (width 0.12))
    (fp_line (start 12.64 5.46) (end 6.64 5.46) (layer F.SilkS) (width 0.12))
    (fp_line (start 12.64 4.7) (end 12.64 5.46) (layer F.SilkS) (width 0.12))
    (fp_line (start 6.64 4.7) (end 12.64 4.7) (layer F.SilkS) (width 0.12))
    (fp_line (start 3.98 3.81) (end 6.64 3.81) (layer F.SilkS) (width 0.12))
    (fp_line (start 1.042929 2.92) (end 1.497071 2.92) (layer F.SilkS) (width 0.12))
    (fp_line (start 1.042929 2.16) (end 1.497071 2.16) (layer F.SilkS) (width 0.12))
    (fp_line (start 3.582929 2.92) (end 3.98 2.92) (layer F.SilkS) (width 0.12))
    (fp_line (start 3.582929 2.16) (end 3.98 2.16) (layer F.SilkS) (width 0.12))
    (fp_line (start 12.64 2.92) (end 6.64 2.92) (layer F.SilkS) (width 0.12))
    (fp_line (start 12.64 2.16) (end 12.64 2.92) (layer F.SilkS) (width 0.12))
    (fp_line (start 6.64 2.16) (end 12.64 2.16) (layer F.SilkS) (width 0.12))
    (fp_line (start 3.98 1.27) (end 6.64 1.27) (layer F.SilkS) (width 0.12))
    (fp_line (start 1.11 0.38) (end 1.497071 0.38) (layer F.SilkS) (width 0.12))
    (fp_line (start 1.11 -0.38) (end 1.497071 -0.38) (layer F.SilkS) (width 0.12))
    (fp_line (start 3.582929 0.38) (end 3.98 0.38) (layer F.SilkS) (width 0.12))
    (fp_line (start 3.582929 -0.38) (end 3.98 -0.38) (layer F.SilkS) (width 0.12))
    (fp_line (start 6.64 0.28) (end 12.64 0.28) (layer F.SilkS) (width 0.12))
    (fp_line (start 6.64 0.16) (end 12.64 0.16) (layer F.SilkS) (width 0.12))
    (fp_line (start 6.64 0.04) (end 12.64 0.04) (layer F.SilkS) (width 0.12))
    (fp_line (start 6.64 -0.08) (end 12.64 -0.08) (layer F.SilkS) (width 0.12))
    (fp_line (start 6.64 -0.2) (end 12.64 -0.2) (layer F.SilkS) (width 0.12))
    (fp_line (start 6.64 -0.32) (end 12.64 -0.32) (layer F.SilkS) (width 0.12))
    (fp_line (start 12.64 0.38) (end 6.64 0.38) (layer F.SilkS) (width 0.12))
    (fp_line (start 12.64 -0.38) (end 12.64 0.38) (layer F.SilkS) (width 0.12))
    (fp_line (start 6.64 -0.38) (end 12.64 -0.38) (layer F.SilkS) (width 0.12))
    (fp_line (start 6.64 -1.33) (end 3.98 -1.33) (layer F.SilkS) (width 0.12))
    (fp_line (start 6.64 6.41) (end 6.64 -1.33) (layer F.SilkS) (width 0.12))
    (fp_line (start 3.98 6.41) (end 6.64 6.41) (layer F.SilkS) (width 0.12))
    (fp_line (start 3.98 -1.33) (end 3.98 6.41) (layer F.SilkS) (width 0.12))
    (fp_line (start 6.58 5.4) (end 12.58 5.4) (layer F.Fab) (width 0.1))
    (fp_line (start 12.58 4.76) (end 12.58 5.4) (layer F.Fab) (width 0.1))
    (fp_line (start 6.58 4.76) (end 12.58 4.76) (layer F.Fab) (width 0.1))
    (fp_line (start -0.32 5.4) (end 4.04 5.4) (layer F.Fab) (width 0.1))
    (fp_line (start -0.32 4.76) (end -0.32 5.4) (layer F.Fab) (width 0.1))
    (fp_line (start -0.32 4.76) (end 4.04 4.76) (layer F.Fab) (width 0.1))
    (fp_line (start 6.58 2.86) (end 12.58 2.86) (layer F.Fab) (width 0.1))
    (fp_line (start 12.58 2.22) (end 12.58 2.86) (layer F.Fab) (width 0.1))
    (fp_line (start 6.58 2.22) (end 12.58 2.22) (layer F.Fab) (width 0.1))
    (fp_line (start -0.32 2.86) (end 4.04 2.86) (layer F.Fab) (width 0.1))
    (fp_line (start -0.32 2.22) (end -0.32 2.86) (layer F.Fab) (width 0.1))
    (fp_line (start -0.32 2.22) (end 4.04 2.22) (layer F.Fab) (width 0.1))
    (fp_line (start 6.58 0.32) (end 12.58 0.32) (layer F.Fab) (width 0.1))
    (fp_line (start 12.58 -0.32) (end 12.58 0.32) (layer F.Fab) (width 0.1))
    (fp_line (start 6.58 -0.32) (end 12.58 -0.32) (layer F.Fab) (width 0.1))
    (fp_line (start -0.32 0.32) (end 4.04 0.32) (layer F.Fab) (width 0.1))
    (fp_line (start -0.32 -0.32) (end -0.32 0.32) (layer F.Fab) (width 0.1))
    (fp_line (start -0.32 -0.32) (end 4.04 -0.32) (layer F.Fab) (width 0.1))
    (fp_line (start 4.04 -0.635) (end 4.675 -1.27) (layer F.Fab) (width 0.1))
    (fp_line (start 4.04 6.35) (end 4.04 -0.635) (layer F.Fab) (width 0.1))
    (fp_line (start 6.58 6.35) (end 4.04 6.35) (layer F.Fab) (width 0.1))
    (fp_line (start 6.58 -1.27) (end 6.58 6.35) (layer F.Fab) (width 0.1))
    (fp_line (start 4.675 -1.27) (end 6.58 -1.27) (layer F.Fab) (width 0.1))
    (pad 6 thru_hole oval (at 2.54 5.08 90) (size 1.7 1.7) (drill 1) (layers *.Cu *.Mask)
      (net 7 GND))
    (pad 5 thru_hole oval (at 0 5.08 90) (size 1.7 1.7) (drill 1) (layers *.Cu *.Mask)
      (net 3 /SWDCLK))
    (pad 4 thru_hole oval (at 2.54 2.54 90) (size 1.7 1.7) (drill 1) (layers *.Cu *.Mask)
      (net 4 /BOOT))
    (pad 3 thru_hole oval (at 0 2.54 90) (size 1.7 1.7) (drill 1) (layers *.Cu *.Mask)
      (net 5 /SWDIO))
    (pad 2 thru_hole oval (at 2.54 0 90) (size 1.7 1.7) (drill 1) (layers *.Cu *.Mask)
      (net 6 /3V3))
    (pad 1 thru_hole rect (at 0 0 90) (size 1.7 1.7) (drill 1) (layers *.Cu *.Mask)
      (net 7 GND))
    (model ${KISYS3DMOD}/Connector_PinHeader_2.54mm.3dshapes/PinHeader_2x03_P2.54mm_Horizontal.wrl
      (at (xyz 0 0 0))
      (scale (xyz 1 1 1))
      (rotate (xyz 0 0 0))
    )
  )

  (module R_0402_1005Metric (layer F.Cu) (tedit 5B301BBD) (tstamp 5E17C5DC)
    (at 158.5 85.5 270)
    (descr "Resistor SMD 0402 (1005 Metric), square (rectangular) end terminal, IPC_7351 nominal, (Body size source: http://www.tortai-tech.com/upload/download/2011102023233369053.pdf), generated with kicad-footprint-generator")
    (tags resistor)
    (path /5E25DD75)
    (attr smd)
    (fp_text reference R1 (at 0.8 0.03 180) (layer F.SilkS)
      (effects (font (size 0.2 0.2) (thickness 0.05)))
    )
    (fp_text value DNP (at -0.74 0.01 180) (layer F.Fab)
      (effects (font (size 0.2 0.2) (thickness 0.05)))
    )
    (fp_line (start -0.5 0.25) (end -0.5 -0.25) (layer F.Fab) (width 0.1))
    (fp_line (start -0.5 -0.25) (end 0.5 -0.25) (layer F.Fab) (width 0.1))
    (fp_line (start 0.5 -0.25) (end 0.5 0.25) (layer F.Fab) (width 0.1))
    (fp_line (start 0.5 0.25) (end -0.5 0.25) (layer F.Fab) (width 0.1))
    (fp_line (start -0.93 0.47) (end -0.93 -0.47) (layer F.CrtYd) (width 0.05))
    (fp_line (start -0.93 -0.47) (end 0.93 -0.47) (layer F.CrtYd) (width 0.05))
    (fp_line (start 0.93 -0.47) (end 0.93 0.47) (layer F.CrtYd) (width 0.05))
    (fp_line (start 0.93 0.47) (end -0.93 0.47) (layer F.CrtYd) (width 0.05))
    (fp_text user %R (at 0 0 90) (layer F.Fab)
      (effects (font (size 0.2 0.2) (thickness 0.05)))
    )
    (pad 1 smd roundrect (at -0.485 0 270) (size 0.59 0.64) (layers F.Cu F.Paste F.Mask) (roundrect_rratio 0.25)
      (net 6 /3V3))
    (pad 2 smd roundrect (at 0.485 0 270) (size 0.59 0.64) (layers F.Cu F.Paste F.Mask) (roundrect_rratio 0.25)
      (net 2 /SIG))
    (model ${KISYS3DMOD}/Resistor_SMD.3dshapes/R_0402_1005Metric.wrl
      (at (xyz 0 0 0))
      (scale (xyz 1 1 1))
      (rotate (xyz 0 0 0))
    )
  )

  (module JST_SH_SM03B-SRSS-TB_1x03-1MP_P1.00mm_Horizontal (layer F.Cu) (tedit 5B78AD87) (tstamp 5E17C4BB)
    (at 161 75.25 90)
    (descr "JST SH series connector, SM03B-SRSS-TB (http://www.jst-mfg.com/product/pdf/eng/eSH.pdf), generated with kicad-footprint-generator")
    (tags "connector JST SH top entry")
    (path /5E2640A0)
    (attr smd)
    (fp_text reference J1 (at -0.5 0 90) (layer F.SilkS)
      (effects (font (size 0.2 0.2) (thickness 0.05)))
    )
    (fp_text value A1002WR-S-3P (at 0 1.5 90) (layer F.Fab)
      (effects (font (size 0.2 0.2) (thickness 0.05)))
    )
    (fp_line (start -2.5 -1.675) (end 2.5 -1.675) (layer F.Fab) (width 0.1))
    (fp_line (start -2.61 0.715) (end -2.61 -1.785) (layer F.SilkS) (width 0.12))
    (fp_line (start -2.61 -1.785) (end -1.56 -1.785) (layer F.SilkS) (width 0.12))
    (fp_line (start -1.56 -1.785) (end -1.56 -2.775) (layer F.SilkS) (width 0.12))
    (fp_line (start 2.61 0.715) (end 2.61 -1.785) (layer F.SilkS) (width 0.12))
    (fp_line (start 2.61 -1.785) (end 1.56 -1.785) (layer F.SilkS) (width 0.12))
    (fp_line (start -1.44 2.685) (end 1.44 2.685) (layer F.SilkS) (width 0.12))
    (fp_line (start -2.5 2.575) (end 2.5 2.575) (layer F.Fab) (width 0.1))
    (fp_line (start -2.5 -1.675) (end -2.5 2.575) (layer F.Fab) (width 0.1))
    (fp_line (start 2.5 -1.675) (end 2.5 2.575) (layer F.Fab) (width 0.1))
    (fp_line (start -3.4 -3.28) (end -3.4 3.28) (layer F.CrtYd) (width 0.05))
    (fp_line (start -3.4 3.28) (end 3.4 3.28) (layer F.CrtYd) (width 0.05))
    (fp_line (start 3.4 3.28) (end 3.4 -3.28) (layer F.CrtYd) (width 0.05))
    (fp_line (start 3.4 -3.28) (end -3.4 -3.28) (layer F.CrtYd) (width 0.05))
    (fp_line (start -1.5 -1.675) (end -1 -0.967893) (layer F.Fab) (width 0.1))
    (fp_line (start -1 -0.967893) (end -0.5 -1.675) (layer F.Fab) (width 0.1))
    (fp_text user %R (at 0 0 90) (layer F.Fab)
      (effects (font (size 0.2 0.2) (thickness 0.05)))
    )
    (pad 1 smd roundrect (at -1 -2 90) (size 0.6 1.55) (layers F.Cu F.Paste F.Mask) (roundrect_rratio 0.25)
      (net 7 GND))
    (pad 2 smd roundrect (at 0 -2 90) (size 0.6 1.55) (layers F.Cu F.Paste F.Mask) (roundrect_rratio 0.25)
      (net 1 /VBUS))
    (pad 3 smd roundrect (at 1 -2 90) (size 0.6 1.55) (layers F.Cu F.Paste F.Mask) (roundrect_rratio 0.25)
      (net 2 /SIG))
    (pad MP smd roundrect (at -2.3 1.875 90) (size 1.2 1.8) (layers F.Cu F.Paste F.Mask) (roundrect_rratio 0.208333)
      (net 7 GND))
    (pad MP smd roundrect (at 2.3 1.875 90) (size 1.2 1.8) (layers F.Cu F.Paste F.Mask) (roundrect_rratio 0.208333)
      (net 7 GND))
    (model ${KISYS3DMOD}/Connector_JST.3dshapes/JST_SH_SM03B-SRSS-TB_1x03-1MP_P1.00mm_Horizontal.wrl
      (at (xyz 0 0 0))
      (scale (xyz 1 1 1))
      (rotate (xyz 0 0 0))
    )
  )

  (module JST_SH_SM03B-SRSS-TB_1x03-1MP_P1.00mm_Horizontal (layer F.Cu) (tedit 5B78AD87) (tstamp 5E17C551)
    (at 161 82 90)
    (descr "JST SH series connector, SM03B-SRSS-TB (http://www.jst-mfg.com/product/pdf/eng/eSH.pdf), generated with kicad-footprint-generator")
    (tags "connector JST SH top entry")
    (path /5E278EFA)
    (attr smd)
    (fp_text reference J2 (at -0.5 0 90) (layer F.SilkS)
      (effects (font (size 0.2 0.2) (thickness 0.05)))
    )
    (fp_text value A1002WR-S-3P (at 0 1.5 90) (layer F.Fab)
      (effects (font (size 0.2 0.2) (thickness 0.05)))
    )
    (fp_text user %R (at 0 0 90) (layer F.Fab)
      (effects (font (size 0.2 0.2) (thickness 0.05)))
    )
    (fp_line (start -1 -0.967893) (end -0.5 -1.675) (layer F.Fab) (width 0.1))
    (fp_line (start -1.5 -1.675) (end -1 -0.967893) (layer F.Fab) (width 0.1))
    (fp_line (start 3.4 -3.28) (end -3.4 -3.28) (layer F.CrtYd) (width 0.05))
    (fp_line (start 3.4 3.28) (end 3.4 -3.28) (layer F.CrtYd) (width 0.05))
    (fp_line (start -3.4 3.28) (end 3.4 3.28) (layer F.CrtYd) (width 0.05))
    (fp_line (start -3.4 -3.28) (end -3.4 3.28) (layer F.CrtYd) (width 0.05))
    (fp_line (start 2.5 -1.675) (end 2.5 2.575) (layer F.Fab) (width 0.1))
    (fp_line (start -2.5 -1.675) (end -2.5 2.575) (layer F.Fab) (width 0.1))
    (fp_line (start -2.5 2.575) (end 2.5 2.575) (layer F.Fab) (width 0.1))
    (fp_line (start -1.44 2.685) (end 1.44 2.685) (layer F.SilkS) (width 0.12))
    (fp_line (start 2.61 -1.785) (end 1.56 -1.785) (layer F.SilkS) (width 0.12))
    (fp_line (start 2.61 0.715) (end 2.61 -1.785) (layer F.SilkS) (width 0.12))
    (fp_line (start -1.56 -1.785) (end -1.56 -2.775) (layer F.SilkS) (width 0.12))
    (fp_line (start -2.61 -1.785) (end -1.56 -1.785) (layer F.SilkS) (width 0.12))
    (fp_line (start -2.61 0.715) (end -2.61 -1.785) (layer F.SilkS) (width 0.12))
    (fp_line (start -2.5 -1.675) (end 2.5 -1.675) (layer F.Fab) (width 0.1))
    (pad MP smd roundrect (at 2.3 1.875 90) (size 1.2 1.8) (layers F.Cu F.Paste F.Mask) (roundrect_rratio 0.208333)
      (net 7 GND))
    (pad MP smd roundrect (at -2.3 1.875 90) (size 1.2 1.8) (layers F.Cu F.Paste F.Mask) (roundrect_rratio 0.208333)
      (net 7 GND))
    (pad 3 smd roundrect (at 1 -2 90) (size 0.6 1.55) (layers F.Cu F.Paste F.Mask) (roundrect_rratio 0.25)
      (net 2 /SIG))
    (pad 2 smd roundrect (at 0 -2 90) (size 0.6 1.55) (layers F.Cu F.Paste F.Mask) (roundrect_rratio 0.25)
      (net 1 /VBUS))
    (pad 1 smd roundrect (at -1 -2 90) (size 0.6 1.55) (layers F.Cu F.Paste F.Mask) (roundrect_rratio 0.25)
      (net 7 GND))
    (model ${KISYS3DMOD}/Connector_JST.3dshapes/JST_SH_SM03B-SRSS-TB_1x03-1MP_P1.00mm_Horizontal.wrl
      (at (xyz 0 0 0))
      (scale (xyz 1 1 1))
      (rotate (xyz 0 0 0))
    )
  )

  (module JST_SH_SM03B-SRSS-TB_1x03-1MP_P1.00mm_Horizontal (layer F.Cu) (tedit 5B78AD87) (tstamp 5E17C59C)
    (at 161 88.75 90)
    (descr "JST SH series connector, SM03B-SRSS-TB (http://www.jst-mfg.com/product/pdf/eng/eSH.pdf), generated with kicad-footprint-generator")
    (tags "connector JST SH top entry")
    (path /5E27AF25)
    (attr smd)
    (fp_text reference J3 (at -0.5 0 90) (layer F.SilkS)
      (effects (font (size 0.2 0.2) (thickness 0.05)))
    )
    (fp_text value A1002WR-S-3P (at 0.25 1.5 90) (layer F.Fab)
      (effects (font (size 0.2 0.2) (thickness 0.05)))
    )
    (fp_line (start -2.5 -1.675) (end 2.5 -1.675) (layer F.Fab) (width 0.1))
    (fp_line (start -2.61 0.715) (end -2.61 -1.785) (layer F.SilkS) (width 0.12))
    (fp_line (start -2.61 -1.785) (end -1.56 -1.785) (layer F.SilkS) (width 0.12))
    (fp_line (start -1.56 -1.785) (end -1.56 -2.775) (layer F.SilkS) (width 0.12))
    (fp_line (start 2.61 0.715) (end 2.61 -1.785) (layer F.SilkS) (width 0.12))
    (fp_line (start 2.61 -1.785) (end 1.56 -1.785) (layer F.SilkS) (width 0.12))
    (fp_line (start -1.44 2.685) (end 1.44 2.685) (layer F.SilkS) (width 0.12))
    (fp_line (start -2.5 2.575) (end 2.5 2.575) (layer F.Fab) (width 0.1))
    (fp_line (start -2.5 -1.675) (end -2.5 2.575) (layer F.Fab) (width 0.1))
    (fp_line (start 2.5 -1.675) (end 2.5 2.575) (layer F.Fab) (width 0.1))
    (fp_line (start -3.4 -3.28) (end -3.4 3.28) (layer F.CrtYd) (width 0.05))
    (fp_line (start -3.4 3.28) (end 3.4 3.28) (layer F.CrtYd) (width 0.05))
    (fp_line (start 3.4 3.28) (end 3.4 -3.28) (layer F.CrtYd) (width 0.05))
    (fp_line (start 3.4 -3.28) (end -3.4 -3.28) (layer F.CrtYd) (width 0.05))
    (fp_line (start -1.5 -1.675) (end -1 -0.967893) (layer F.Fab) (width 0.1))
    (fp_line (start -1 -0.967893) (end -0.5 -1.675) (layer F.Fab) (width 0.1))
    (fp_text user %R (at 0 0 90) (layer F.Fab)
      (effects (font (size 0.2 0.2) (thickness 0.05)))
    )
    (pad 1 smd roundrect (at -1 -2 90) (size 0.6 1.55) (layers F.Cu F.Paste F.Mask) (roundrect_rratio 0.25)
      (net 7 GND))
    (pad 2 smd roundrect (at 0 -2 90) (size 0.6 1.55) (layers F.Cu F.Paste F.Mask) (roundrect_rratio 0.25)
      (net 1 /VBUS))
    (pad 3 smd roundrect (at 1 -2 90) (size 0.6 1.55) (layers F.Cu F.Paste F.Mask) (roundrect_rratio 0.25)
      (net 2 /SIG))
    (pad MP smd roundrect (at -2.3 1.875 90) (size 1.2 1.8) (layers F.Cu F.Paste F.Mask) (roundrect_rratio 0.208333)
      (net 7 GND))
    (pad MP smd roundrect (at 2.3 1.875 90) (size 1.2 1.8) (layers F.Cu F.Paste F.Mask) (roundrect_rratio 0.208333)
      (net 7 GND))
    (model ${KISYS3DMOD}/Connector_JST.3dshapes/JST_SH_SM03B-SRSS-TB_1x03-1MP_P1.00mm_Horizontal.wrl
      (at (xyz 0 0 0))
      (scale (xyz 1 1 1))
      (rotate (xyz 0 0 0))
    )
  )

  (module JST_SH_SM03B-SRSS-TB_1x03-1MP_P1.00mm_Horizontal (layer F.Cu) (tedit 5B78AD87) (tstamp 5E17C425)
    (at 161 95.5 90)
    (descr "JST SH series connector, SM03B-SRSS-TB (http://www.jst-mfg.com/product/pdf/eng/eSH.pdf), generated with kicad-footprint-generator")
    (tags "connector JST SH top entry")
    (path /5E278F28)
    (attr smd)
    (fp_text reference J4 (at -0.5 0 90) (layer F.SilkS)
      (effects (font (size 0.2 0.2) (thickness 0.05)))
    )
    (fp_text value A1002WR-S-3P (at 0 1.5 90) (layer F.Fab)
      (effects (font (size 0.2 0.2) (thickness 0.05)))
    )
    (fp_text user %R (at 0 0 90) (layer F.Fab)
      (effects (font (size 0.2 0.2) (thickness 0.05)))
    )
    (fp_line (start -1 -0.967893) (end -0.5 -1.675) (layer F.Fab) (width 0.1))
    (fp_line (start -1.5 -1.675) (end -1 -0.967893) (layer F.Fab) (width 0.1))
    (fp_line (start 3.4 -3.28) (end -3.4 -3.28) (layer F.CrtYd) (width 0.05))
    (fp_line (start 3.4 3.28) (end 3.4 -3.28) (layer F.CrtYd) (width 0.05))
    (fp_line (start -3.4 3.28) (end 3.4 3.28) (layer F.CrtYd) (width 0.05))
    (fp_line (start -3.4 -3.28) (end -3.4 3.28) (layer F.CrtYd) (width 0.05))
    (fp_line (start 2.5 -1.675) (end 2.5 2.575) (layer F.Fab) (width 0.1))
    (fp_line (start -2.5 -1.675) (end -2.5 2.575) (layer F.Fab) (width 0.1))
    (fp_line (start -2.5 2.575) (end 2.5 2.575) (layer F.Fab) (width 0.1))
    (fp_line (start -1.44 2.685) (end 1.44 2.685) (layer F.SilkS) (width 0.12))
    (fp_line (start 2.61 -1.785) (end 1.56 -1.785) (layer F.SilkS) (width 0.12))
    (fp_line (start 2.61 0.715) (end 2.61 -1.785) (layer F.SilkS) (width 0.12))
    (fp_line (start -1.56 -1.785) (end -1.56 -2.775) (layer F.SilkS) (width 0.12))
    (fp_line (start -2.61 -1.785) (end -1.56 -1.785) (layer F.SilkS) (width 0.12))
    (fp_line (start -2.61 0.715) (end -2.61 -1.785) (layer F.SilkS) (width 0.12))
    (fp_line (start -2.5 -1.675) (end 2.5 -1.675) (layer F.Fab) (width 0.1))
    (pad MP smd roundrect (at 2.3 1.875 90) (size 1.2 1.8) (layers F.Cu F.Paste F.Mask) (roundrect_rratio 0.208333)
      (net 7 GND))
    (pad MP smd roundrect (at -2.3 1.875 90) (size 1.2 1.8) (layers F.Cu F.Paste F.Mask) (roundrect_rratio 0.208333)
      (net 7 GND))
    (pad 3 smd roundrect (at 1 -2 90) (size 0.6 1.55) (layers F.Cu F.Paste F.Mask) (roundrect_rratio 0.25)
      (net 2 /SIG))
    (pad 2 smd roundrect (at 0 -2 90) (size 0.6 1.55) (layers F.Cu F.Paste F.Mask) (roundrect_rratio 0.25)
      (net 1 /VBUS))
    (pad 1 smd roundrect (at -1 -2 90) (size 0.6 1.55) (layers F.Cu F.Paste F.Mask) (roundrect_rratio 0.25)
      (net 7 GND))
    (model ${KISYS3DMOD}/Connector_JST.3dshapes/JST_SH_SM03B-SRSS-TB_1x03-1MP_P1.00mm_Horizontal.wrl
      (at (xyz 0 0 0))
      (scale (xyz 1 1 1))
      (rotate (xyz 0 0 0))
    )
  )

  (module JST_SH_SM03B-SRSS-TB_1x03-1MP_P1.00mm_Horizontal (layer F.Cu) (tedit 5B78AD87) (tstamp 5E17C344)
    (at 161 102.25 90)
    (descr "JST SH series connector, SM03B-SRSS-TB (http://www.jst-mfg.com/product/pdf/eng/eSH.pdf), generated with kicad-footprint-generator")
    (tags "connector JST SH top entry")
    (path /5E2736F0)
    (attr smd)
    (fp_text reference J5 (at -0.5 0 90) (layer F.SilkS)
      (effects (font (size 0.2 0.2) (thickness 0.05)))
    )
    (fp_text value A1002WR-S-3P (at 0 1.5 90) (layer F.Fab)
      (effects (font (size 0.2 0.2) (thickness 0.05)))
    )
    (fp_line (start -2.5 -1.675) (end 2.5 -1.675) (layer F.Fab) (width 0.1))
    (fp_line (start -2.61 0.715) (end -2.61 -1.785) (layer F.SilkS) (width 0.12))
    (fp_line (start -2.61 -1.785) (end -1.56 -1.785) (layer F.SilkS) (width 0.12))
    (fp_line (start -1.56 -1.785) (end -1.56 -2.775) (layer F.SilkS) (width 0.12))
    (fp_line (start 2.61 0.715) (end 2.61 -1.785) (layer F.SilkS) (width 0.12))
    (fp_line (start 2.61 -1.785) (end 1.56 -1.785) (layer F.SilkS) (width 0.12))
    (fp_line (start -1.44 2.685) (end 1.44 2.685) (layer F.SilkS) (width 0.12))
    (fp_line (start -2.5 2.575) (end 2.5 2.575) (layer F.Fab) (width 0.1))
    (fp_line (start -2.5 -1.675) (end -2.5 2.575) (layer F.Fab) (width 0.1))
    (fp_line (start 2.5 -1.675) (end 2.5 2.575) (layer F.Fab) (width 0.1))
    (fp_line (start -3.4 -3.28) (end -3.4 3.28) (layer F.CrtYd) (width 0.05))
    (fp_line (start -3.4 3.28) (end 3.4 3.28) (layer F.CrtYd) (width 0.05))
    (fp_line (start 3.4 3.28) (end 3.4 -3.28) (layer F.CrtYd) (width 0.05))
    (fp_line (start 3.4 -3.28) (end -3.4 -3.28) (layer F.CrtYd) (width 0.05))
    (fp_line (start -1.5 -1.675) (end -1 -0.967893) (layer F.Fab) (width 0.1))
    (fp_line (start -1 -0.967893) (end -0.5 -1.675) (layer F.Fab) (width 0.1))
    (fp_text user %R (at 0 0 90) (layer F.Fab)
      (effects (font (size 0.2 0.2) (thickness 0.05)))
    )
    (pad 1 smd roundrect (at -1 -2 90) (size 0.6 1.55) (layers F.Cu F.Paste F.Mask) (roundrect_rratio 0.25)
      (net 7 GND))
    (pad 2 smd roundrect (at 0 -2 90) (size 0.6 1.55) (layers F.Cu F.Paste F.Mask) (roundrect_rratio 0.25)
      (net 1 /VBUS))
    (pad 3 smd roundrect (at 1 -2 90) (size 0.6 1.55) (layers F.Cu F.Paste F.Mask) (roundrect_rratio 0.25)
      (net 2 /SIG))
    (pad MP smd roundrect (at -2.3 1.875 90) (size 1.2 1.8) (layers F.Cu F.Paste F.Mask) (roundrect_rratio 0.208333)
      (net 7 GND))
    (pad MP smd roundrect (at 2.3 1.875 90) (size 1.2 1.8) (layers F.Cu F.Paste F.Mask) (roundrect_rratio 0.208333)
      (net 7 GND))
    (model ${KISYS3DMOD}/Connector_JST.3dshapes/JST_SH_SM03B-SRSS-TB_1x03-1MP_P1.00mm_Horizontal.wrl
      (at (xyz 0 0 0))
      (scale (xyz 1 1 1))
      (rotate (xyz 0 0 0))
    )
  )

  (module JST_SH_SM03B-SRSS-TB_1x03-1MP_P1.00mm_Horizontal (layer F.Cu) (tedit 5B78AD87) (tstamp 5E17C506)
    (at 161 109 90)
    (descr "JST SH series connector, SM03B-SRSS-TB (http://www.jst-mfg.com/product/pdf/eng/eSH.pdf), generated with kicad-footprint-generator")
    (tags "connector JST SH top entry")
    (path /5E27AF53)
    (attr smd)
    (fp_text reference J6 (at -0.5 0 90) (layer F.SilkS)
      (effects (font (size 0.2 0.2) (thickness 0.05)))
    )
    (fp_text value A1002WR-S-3P (at 0 1.5 90) (layer F.Fab)
      (effects (font (size 0.2 0.2) (thickness 0.05)))
    )
    (fp_line (start -2.5 -1.675) (end 2.5 -1.675) (layer F.Fab) (width 0.1))
    (fp_line (start -2.61 0.715) (end -2.61 -1.785) (layer F.SilkS) (width 0.12))
    (fp_line (start -2.61 -1.785) (end -1.56 -1.785) (layer F.SilkS) (width 0.12))
    (fp_line (start -1.56 -1.785) (end -1.56 -2.775) (layer F.SilkS) (width 0.12))
    (fp_line (start 2.61 0.715) (end 2.61 -1.785) (layer F.SilkS) (width 0.12))
    (fp_line (start 2.61 -1.785) (end 1.56 -1.785) (layer F.SilkS) (width 0.12))
    (fp_line (start -1.44 2.685) (end 1.44 2.685) (layer F.SilkS) (width 0.12))
    (fp_line (start -2.5 2.575) (end 2.5 2.575) (layer F.Fab) (width 0.1))
    (fp_line (start -2.5 -1.675) (end -2.5 2.575) (layer F.Fab) (width 0.1))
    (fp_line (start 2.5 -1.675) (end 2.5 2.575) (layer F.Fab) (width 0.1))
    (fp_line (start -3.4 -3.28) (end -3.4 3.28) (layer F.CrtYd) (width 0.05))
    (fp_line (start -3.4 3.28) (end 3.4 3.28) (layer F.CrtYd) (width 0.05))
    (fp_line (start 3.4 3.28) (end 3.4 -3.28) (layer F.CrtYd) (width 0.05))
    (fp_line (start 3.4 -3.28) (end -3.4 -3.28) (layer F.CrtYd) (width 0.05))
    (fp_line (start -1.5 -1.675) (end -1 -0.967893) (layer F.Fab) (width 0.1))
    (fp_line (start -1 -0.967893) (end -0.5 -1.675) (layer F.Fab) (width 0.1))
    (fp_text user %R (at 0 0 90) (layer F.Fab)
      (effects (font (size 0.2 0.2) (thickness 0.05)))
    )
    (pad 1 smd roundrect (at -1 -2 90) (size 0.6 1.55) (layers F.Cu F.Paste F.Mask) (roundrect_rratio 0.25)
      (net 7 GND))
    (pad 2 smd roundrect (at 0 -2 90) (size 0.6 1.55) (layers F.Cu F.Paste F.Mask) (roundrect_rratio 0.25)
      (net 1 /VBUS))
    (pad 3 smd roundrect (at 1 -2 90) (size 0.6 1.55) (layers F.Cu F.Paste F.Mask) (roundrect_rratio 0.25)
      (net 2 /SIG))
    (pad MP smd roundrect (at -2.3 1.875 90) (size 1.2 1.8) (layers F.Cu F.Paste F.Mask) (roundrect_rratio 0.208333)
      (net 7 GND))
    (pad MP smd roundrect (at 2.3 1.875 90) (size 1.2 1.8) (layers F.Cu F.Paste F.Mask) (roundrect_rratio 0.208333)
      (net 7 GND))
    (model ${KISYS3DMOD}/Connector_JST.3dshapes/JST_SH_SM03B-SRSS-TB_1x03-1MP_P1.00mm_Horizontal.wrl
      (at (xyz 0 0 0))
      (scale (xyz 1 1 1))
      (rotate (xyz 0 0 0))
    )
  )

  (module JST_SH_SM03B-SRSS-TB_1x03-1MP_P1.00mm_Horizontal (layer F.Cu) (tedit 5B78AD87) (tstamp 5E17C3DA)
    (at 161 115.75 90)
    (descr "JST SH series connector, SM03B-SRSS-TB (http://www.jst-mfg.com/product/pdf/eng/eSH.pdf), generated with kicad-footprint-generator")
    (tags "connector JST SH top entry")
    (path /5E278F11)
    (attr smd)
    (fp_text reference J7 (at -0.5 0 90) (layer F.SilkS)
      (effects (font (size 0.2 0.2) (thickness 0.05)))
    )
    (fp_text value A1002WR-S-3P (at 0 1.5 90) (layer F.Fab)
      (effects (font (size 0.2 0.2) (thickness 0.05)))
    )
    (fp_line (start -2.5 -1.675) (end 2.5 -1.675) (layer F.Fab) (width 0.1))
    (fp_line (start -2.61 0.715) (end -2.61 -1.785) (layer F.SilkS) (width 0.12))
    (fp_line (start -2.61 -1.785) (end -1.56 -1.785) (layer F.SilkS) (width 0.12))
    (fp_line (start -1.56 -1.785) (end -1.56 -2.775) (layer F.SilkS) (width 0.12))
    (fp_line (start 2.61 0.715) (end 2.61 -1.785) (layer F.SilkS) (width 0.12))
    (fp_line (start 2.61 -1.785) (end 1.56 -1.785) (layer F.SilkS) (width 0.12))
    (fp_line (start -1.44 2.685) (end 1.44 2.685) (layer F.SilkS) (width 0.12))
    (fp_line (start -2.5 2.575) (end 2.5 2.575) (layer F.Fab) (width 0.1))
    (fp_line (start -2.5 -1.675) (end -2.5 2.575) (layer F.Fab) (width 0.1))
    (fp_line (start 2.5 -1.675) (end 2.5 2.575) (layer F.Fab) (width 0.1))
    (fp_line (start -3.4 -3.28) (end -3.4 3.28) (layer F.CrtYd) (width 0.05))
    (fp_line (start -3.4 3.28) (end 3.4 3.28) (layer F.CrtYd) (width 0.05))
    (fp_line (start 3.4 3.28) (end 3.4 -3.28) (layer F.CrtYd) (width 0.05))
    (fp_line (start 3.4 -3.28) (end -3.4 -3.28) (layer F.CrtYd) (width 0.05))
    (fp_line (start -1.5 -1.675) (end -1 -0.967893) (layer F.Fab) (width 0.1))
    (fp_line (start -1 -0.967893) (end -0.5 -1.675) (layer F.Fab) (width 0.1))
    (fp_text user %R (at 0 0 90) (layer F.Fab)
      (effects (font (size 0.2 0.2) (thickness 0.05)))
    )
    (pad 1 smd roundrect (at -1 -2 90) (size 0.6 1.55) (layers F.Cu F.Paste F.Mask) (roundrect_rratio 0.25)
      (net 7 GND))
    (pad 2 smd roundrect (at 0 -2 90) (size 0.6 1.55) (layers F.Cu F.Paste F.Mask) (roundrect_rratio 0.25)
      (net 1 /VBUS))
    (pad 3 smd roundrect (at 1 -2 90) (size 0.6 1.55) (layers F.Cu F.Paste F.Mask) (roundrect_rratio 0.25)
      (net 2 /SIG))
    (pad MP smd roundrect (at -2.3 1.875 90) (size 1.2 1.8) (layers F.Cu F.Paste F.Mask) (roundrect_rratio 0.208333)
      (net 7 GND))
    (pad MP smd roundrect (at 2.3 1.875 90) (size 1.2 1.8) (layers F.Cu F.Paste F.Mask) (roundrect_rratio 0.208333)
      (net 7 GND))
    (model ${KISYS3DMOD}/Connector_JST.3dshapes/JST_SH_SM03B-SRSS-TB_1x03-1MP_P1.00mm_Horizontal.wrl
      (at (xyz 0 0 0))
      (scale (xyz 1 1 1))
      (rotate (xyz 0 0 0))
    )
  )

  (module JST_SH_SM03B-SRSS-TB_1x03-1MP_P1.00mm_Horizontal (layer F.Cu) (tedit 5B78AD87) (tstamp 5E17C38F)
    (at 161 122.5 90)
    (descr "JST SH series connector, SM03B-SRSS-TB (http://www.jst-mfg.com/product/pdf/eng/eSH.pdf), generated with kicad-footprint-generator")
    (tags "connector JST SH top entry")
    (path /5E272281)
    (attr smd)
    (fp_text reference J8 (at -0.5 0 90) (layer F.SilkS)
      (effects (font (size 0.2 0.2) (thickness 0.05)))
    )
    (fp_text value A1002WR-S-3P (at 0 1.5 90) (layer F.Fab)
      (effects (font (size 0.2 0.2) (thickness 0.05)))
    )
    (fp_text user %R (at 0 0 90) (layer F.Fab)
      (effects (font (size 0.2 0.2) (thickness 0.05)))
    )
    (fp_line (start -1 -0.967893) (end -0.5 -1.675) (layer F.Fab) (width 0.1))
    (fp_line (start -1.5 -1.675) (end -1 -0.967893) (layer F.Fab) (width 0.1))
    (fp_line (start 3.4 -3.28) (end -3.4 -3.28) (layer F.CrtYd) (width 0.05))
    (fp_line (start 3.4 3.28) (end 3.4 -3.28) (layer F.CrtYd) (width 0.05))
    (fp_line (start -3.4 3.28) (end 3.4 3.28) (layer F.CrtYd) (width 0.05))
    (fp_line (start -3.4 -3.28) (end -3.4 3.28) (layer F.CrtYd) (width 0.05))
    (fp_line (start 2.5 -1.675) (end 2.5 2.575) (layer F.Fab) (width 0.1))
    (fp_line (start -2.5 -1.675) (end -2.5 2.575) (layer F.Fab) (width 0.1))
    (fp_line (start -2.5 2.575) (end 2.5 2.575) (layer F.Fab) (width 0.1))
    (fp_line (start -1.44 2.685) (end 1.44 2.685) (layer F.SilkS) (width 0.12))
    (fp_line (start 2.61 -1.785) (end 1.56 -1.785) (layer F.SilkS) (width 0.12))
    (fp_line (start 2.61 0.715) (end 2.61 -1.785) (layer F.SilkS) (width 0.12))
    (fp_line (start -1.56 -1.785) (end -1.56 -2.775) (layer F.SilkS) (width 0.12))
    (fp_line (start -2.61 -1.785) (end -1.56 -1.785) (layer F.SilkS) (width 0.12))
    (fp_line (start -2.61 0.715) (end -2.61 -1.785) (layer F.SilkS) (width 0.12))
    (fp_line (start -2.5 -1.675) (end 2.5 -1.675) (layer F.Fab) (width 0.1))
    (pad MP smd roundrect (at 2.3 1.875 90) (size 1.2 1.8) (layers F.Cu F.Paste F.Mask) (roundrect_rratio 0.208333)
      (net 7 GND))
    (pad MP smd roundrect (at -2.3 1.875 90) (size 1.2 1.8) (layers F.Cu F.Paste F.Mask) (roundrect_rratio 0.208333)
      (net 7 GND))
    (pad 3 smd roundrect (at 1 -2 90) (size 0.6 1.55) (layers F.Cu F.Paste F.Mask) (roundrect_rratio 0.25)
      (net 2 /SIG))
    (pad 2 smd roundrect (at 0 -2 90) (size 0.6 1.55) (layers F.Cu F.Paste F.Mask) (roundrect_rratio 0.25)
      (net 1 /VBUS))
    (pad 1 smd roundrect (at -1 -2 90) (size 0.6 1.55) (layers F.Cu F.Paste F.Mask) (roundrect_rratio 0.25)
      (net 7 GND))
    (model ${KISYS3DMOD}/Connector_JST.3dshapes/JST_SH_SM03B-SRSS-TB_1x03-1MP_P1.00mm_Horizontal.wrl
      (at (xyz 0 0 0))
      (scale (xyz 1 1 1))
      (rotate (xyz 0 0 0))
    )
  )

  (module JST_SH_SM03B-SRSS-TB_1x03-1MP_P1.00mm_Horizontal (layer F.Cu) (tedit 5B78AD87) (tstamp 5E17C470)
    (at 161 129.25 90)
    (descr "JST SH series connector, SM03B-SRSS-TB (http://www.jst-mfg.com/product/pdf/eng/eSH.pdf), generated with kicad-footprint-generator")
    (tags "connector JST SH top entry")
    (path /5E27AF3C)
    (attr smd)
    (fp_text reference J9 (at -0.5 0 90) (layer F.SilkS)
      (effects (font (size 0.2 0.2) (thickness 0.05)))
    )
    (fp_text value A1002WR-S-3P (at 0 1.5 90) (layer F.Fab)
      (effects (font (size 0.2 0.2) (thickness 0.05)))
    )
    (fp_text user %R (at 0 0 90) (layer F.Fab)
      (effects (font (size 0.2 0.2) (thickness 0.05)))
    )
    (fp_line (start -1 -0.967893) (end -0.5 -1.675) (layer F.Fab) (width 0.1))
    (fp_line (start -1.5 -1.675) (end -1 -0.967893) (layer F.Fab) (width 0.1))
    (fp_line (start 3.4 -3.28) (end -3.4 -3.28) (layer F.CrtYd) (width 0.05))
    (fp_line (start 3.4 3.28) (end 3.4 -3.28) (layer F.CrtYd) (width 0.05))
    (fp_line (start -3.4 3.28) (end 3.4 3.28) (layer F.CrtYd) (width 0.05))
    (fp_line (start -3.4 -3.28) (end -3.4 3.28) (layer F.CrtYd) (width 0.05))
    (fp_line (start 2.5 -1.675) (end 2.5 2.575) (layer F.Fab) (width 0.1))
    (fp_line (start -2.5 -1.675) (end -2.5 2.575) (layer F.Fab) (width 0.1))
    (fp_line (start -2.5 2.575) (end 2.5 2.575) (layer F.Fab) (width 0.1))
    (fp_line (start -1.44 2.685) (end 1.44 2.685) (layer F.SilkS) (width 0.12))
    (fp_line (start 2.61 -1.785) (end 1.56 -1.785) (layer F.SilkS) (width 0.12))
    (fp_line (start 2.61 0.715) (end 2.61 -1.785) (layer F.SilkS) (width 0.12))
    (fp_line (start -1.56 -1.785) (end -1.56 -2.775) (layer F.SilkS) (width 0.12))
    (fp_line (start -2.61 -1.785) (end -1.56 -1.785) (layer F.SilkS) (width 0.12))
    (fp_line (start -2.61 0.715) (end -2.61 -1.785) (layer F.SilkS) (width 0.12))
    (fp_line (start -2.5 -1.675) (end 2.5 -1.675) (layer F.Fab) (width 0.1))
    (pad MP smd roundrect (at 2.3 1.875 90) (size 1.2 1.8) (layers F.Cu F.Paste F.Mask) (roundrect_rratio 0.208333)
      (net 7 GND))
    (pad MP smd roundrect (at -2.3 1.875 90) (size 1.2 1.8) (layers F.Cu F.Paste F.Mask) (roundrect_rratio 0.208333)
      (net 7 GND))
    (pad 3 smd roundrect (at 1 -2 90) (size 0.6 1.55) (layers F.Cu F.Paste F.Mask) (roundrect_rratio 0.25)
      (net 2 /SIG))
    (pad 2 smd roundrect (at 0 -2 90) (size 0.6 1.55) (layers F.Cu F.Paste F.Mask) (roundrect_rratio 0.25)
      (net 1 /VBUS))
    (pad 1 smd roundrect (at -1 -2 90) (size 0.6 1.55) (layers F.Cu F.Paste F.Mask) (roundrect_rratio 0.25)
      (net 7 GND))
    (model ${KISYS3DMOD}/Connector_JST.3dshapes/JST_SH_SM03B-SRSS-TB_1x03-1MP_P1.00mm_Horizontal.wrl
      (at (xyz 0 0 0))
      (scale (xyz 1 1 1))
      (rotate (xyz 0 0 0))
    )
  )

  (module Module_H7PI_Exp_65x30mm (layer F.Cu) (tedit 5E15CE42) (tstamp 5E17C1AF)
    (at 142 102)
    (path /5DE5CA0E)
    (attr virtual)
    (fp_text reference U1 (at -0.07 -3.81) (layer F.SilkS) hide
      (effects (font (size 1 1) (thickness 0.15)))
    )
    (fp_text value H7PI_Exp (at -0.07 -26.67) (layer F.Fab) hide
      (effects (font (size 1 1) (thickness 0.15)))
    )
    (fp_arc (start -12.01 -29.51) (end -12.01 -32.51) (angle -90) (layer B.CrtYd) (width 0.12))
    (fp_circle (center -11.51 -29) (end -10.135 -29) (layer B.CrtYd) (width 0.12))
    (fp_line (start 11.99 -32.51) (end -12.01 -32.51) (layer B.CrtYd) (width 0.12))
    (fp_arc (start 11.99 -29.5) (end 14.99 -29.5) (angle -90) (layer B.CrtYd) (width 0.12))
    (fp_circle (center 11.5 -29.01) (end 12.875 -29.01) (layer B.CrtYd) (width 0.12))
    (fp_arc (start -12 29.5) (end -15 29.5) (angle -90) (layer B.CrtYd) (width 0.12))
    (fp_arc (start 12 29.5) (end 12 32.5) (angle -90) (layer B.CrtYd) (width 0.12))
    (fp_circle (center 11.5 29) (end 12.875 29) (layer B.CrtYd) (width 0.12))
    (fp_line (start -12 32.5) (end 12 32.5) (layer B.CrtYd) (width 0.12))
    (fp_circle (center -11.5 29) (end -10.125 29) (layer B.CrtYd) (width 0.12))
    (fp_arc (start -12 -29.51) (end -12 -32.51) (angle -90) (layer B.Fab) (width 0.12))
    (fp_circle (center -11.5 -29) (end -10.125 -29) (layer B.Fab) (width 0.12))
    (fp_line (start 12 -32.5) (end -12 -32.5) (layer B.Fab) (width 0.12))
    (fp_arc (start 12 -29.5) (end 15 -29.5) (angle -90) (layer B.Fab) (width 0.12))
    (fp_circle (center 11.49 -29.01) (end 12.865 -29.01) (layer B.Fab) (width 0.12))
    (fp_line (start 15 -29.5) (end 15 29.5) (layer B.Fab) (width 0.12))
    (fp_arc (start 11.99 29.49) (end 11.99 32.49) (angle -90) (layer B.Fab) (width 0.12))
    (fp_circle (center 11.495 28.99) (end 12.87 28.99) (layer B.Fab) (width 0.12))
    (fp_circle (center -11.51 28.995) (end -10.135 28.995) (layer B.Fab) (width 0.12))
    (fp_line (start -12 32.5) (end 12 32.5) (layer B.Fab) (width 0.12))
    (fp_arc (start -12 29.5) (end -15 29.5) (angle -90) (layer B.Fab) (width 0.12))
    (fp_line (start 14.99 -29.5) (end 14.99 29.5) (layer B.CrtYd) (width 0.12))
    (fp_line (start -15 -29.5) (end -15 29.5) (layer B.Fab) (width 0.12))
    (fp_line (start -15 -29.5) (end -15 29.5) (layer B.CrtYd) (width 0.12))
    (fp_line (start -14.1 -25.46) (end -14.1 2.54) (layer B.Fab) (width 0.12))
    (fp_line (start -8.9 -25.46) (end -14.1 -25.46) (layer B.Fab) (width 0.12))
    (fp_line (start -8.9 2.54) (end -8.9 -25.46) (layer B.Fab) (width 0.12))
    (fp_line (start -14.1 2.54) (end -8.9 2.54) (layer B.Fab) (width 0.12))
    (fp_line (start 8.9 -25.46) (end 8.9 25.46) (layer B.Fab) (width 0.12))
    (fp_line (start 14.1 -25.46) (end 8.9 -25.46) (layer B.Fab) (width 0.12))
    (fp_line (start 14.1 25.46) (end 14.1 -25.46) (layer B.Fab) (width 0.12))
    (fp_line (start 8.9 25.46) (end 14.1 25.46) (layer B.Fab) (width 0.12))
    (fp_line (start 8.9 -25.46) (end 8.9 25.46) (layer B.CrtYd) (width 0.12))
    (fp_line (start 14.1 -25.46) (end 8.9 -25.46) (layer B.CrtYd) (width 0.12))
    (fp_line (start 14.1 25.46) (end 14.1 -25.46) (layer B.CrtYd) (width 0.12))
    (fp_line (start 8.9 25.46) (end 14.1 25.46) (layer B.CrtYd) (width 0.12))
    (fp_line (start -8.9 -25.46) (end -14.1 -25.46) (layer B.CrtYd) (width 0.12))
    (fp_line (start -8.9 2.54) (end -8.9 -25.46) (layer B.CrtYd) (width 0.12))
    (fp_line (start -14.1 2.54) (end -8.9 2.54) (layer B.CrtYd) (width 0.12))
    (fp_line (start -14.1 -25.46) (end -14.1 2.54) (layer B.CrtYd) (width 0.12))
    (fp_line (start 8.9 -25.46) (end 8.9 25.46) (layer B.SilkS) (width 0.12))
    (fp_line (start 14.1 -25.46) (end 8.9 -25.46) (layer B.SilkS) (width 0.12))
    (fp_line (start 14.1 25.46) (end 14.1 -25.46) (layer B.SilkS) (width 0.12))
